0 0 1 24 26 61 96 131 -1
0.89443 0 0.44721 12 47 186 369 530 -1
0.27639 0.85065 0.44721 13 53 82 390 404 -1
-0.72361 0.52573 0.44721 54 88 117 425 439 -1
-0.72361 -0.52573 0.44721 89 123 152 460 474 -1
0.27639 -0.85065 0.44721 124 158 180 495 509 -1
0.72361 0.52573 -0.44721 187 222 361 362 396 -1
-0.27639 0.85065 -0.44721 188 228 257 397 431 -1
-0.89443 0 -0.44721 229 263 292 432 466 -1
-0.27639 -0.85065 -0.44721 264 298 327 467 501 -1
0.72361 -0.52573 -0.44721 299 333 355 502 536 -1
0 0 -1 199 201 236 271 306 -1
0.83472 0 0.55068 1 14 41 47 179 186
0.25794 0.79386 0.55068 2 15 46 53 76 82
0.75344 0 0.65751 12 16 36 41 173 179
0.23283 0.71657 0.65751 13 17 40 46 71 76
0.64946 0 0.7604 14 18 32 36 168 173
0.20069 0.61767 0.7604 15 19 35 40 67 71
0.52573 0 0.85065 16 20 29 32 164 168
0.16246 0.5 0.85065 17 21 31 35 64 67
0.38967 0 0.92095 18 22 27 29 161 164
0.12042 0.3706 0.92095 19 23 28 31 62 64
0.25115 0 0.96795 20 24 25 27 159 161
0.077609 0.23886 0.96795 21 25 26 28 60 62
0.11925 0 0.99286 0 22 25 26 131 159
0.1662 0.12075 0.97867 22 23 24 26 27 28
0.036849 0.11341 0.99286 0 23 24 25 60 61
0.30717 0.12652 0.94321 20 22 25 28 29 30
0.21525 0.25304 0.94321 21 23 25 27 30 31
0.45138 0.12973 0.88285 18 20 27 30 32 33
0.3618 0.26287 0.89443 27 28 29 31 33 34
0.26287 0.3892 0.88285 19 21 28 30 34 35
0.58779 0.12973 0.79855 16 18 29 33 36 37
0.50673 0.2664 0.81991 29 30 32 34 37 38
0.40995 0.39961 0.81991 30 31 33 35 38 39
0.30502 0.51893 0.79855 17 19 31 34 39 40
0.70626 0.12652 0.69656 14 16 32 37 41 42
0.6382 0.26287 0.72361 32 33 36 38 42 43
0.55001 0.39961 0.73335 33 34 37 39 43 44
0.44721 0.52573 0.72361 34 35 38 40 44 45
0.33857 0.6326 0.69656 15 17 35 39 45 46
0.80102 0.12075 0.58633 12 14 36 42 47 48
0.74737 0.25304 0.61434 36 37 41 43 48 49
0.67209 0.3892 0.62994 37 38 42 44 49 50
0.57783 0.51893 0.62994 38 39 43 45 50 51
0.4716 0.6326 0.61434 39 40 44 46 51 52
0.36237 0.7245 0.58633 13 15 40 45 52 53
0.87157 0.11341 0.47698 1 12 41 48 368 369
0.83105 0.23886 0.5023 41 42 47 49 368 370
0.76987 0.3706 0.51957 42 43 48 50 370 372
0.68819 0.5 0.52573 43 44 49 51 372 375
0.59037 0.61767 0.51957 44 45 50 52 375 379
0.48397 0.71657 0.5023 45 46 51 53 379 384
0.37719 0.79386 0.47698 2 13 46 52 384 390
-0.6753 0.49063 0.55068 3 55 81 88 111 117
-0.60955 0.44286 0.65751 54 56 75 81 106 111
-0.52542 0.38174 0.7604 55 57 70 75 102 106
-0.42533 0.30902 0.85065 56 58 66 70 99 102
-0.31525 0.22904 0.92095 57 59 63 66 97 99
-0.20318 0.14762 0.96795 58 60 61 63 95 97
-0.063482 0.19538 0.97867 23 26 59 61 62 63
-0.096471 0.070091 0.99286 0 26 59 60 95 96
-0.025407 0.33123 0.94321 21 23 60 63 64 65
-0.17414 0.28291 0.94321 58 59 60 62 65 66
0.016101 0.46937 0.88285 19 21 62 65 67 68
-0.1382 0.42533 0.89443 62 63 64 66 68 69
-0.28892 0.37027 0.88285 57 58 63 65 69 70
0.058253 0.59911 0.79855 17 19 64 68 71 72
-0.096777 0.56425 0.81991 64 65 67 69 72 73
-0.25337 0.51338 0.81991 65 66 68 70 73 74
-0.39927 0.45045 0.79855 56 57 66 69 74 75
0.097919 0.71079 0.69656 15 17 67 72 76 77
-0.052786 0.68819 0.72361 67 68 71 73 77 78
-0.21009 0.64658 0.73335 68 69 72 74 78 79
-0.3618 0.58779 0.72361 69 70 73 75 79 80
-0.49701 0.51749 0.69656 55 56 70 74 80 81
0.13269 0.79913 0.58633 13 15 71 77 82 83
-0.0097044 0.78898 0.61434 71 72 76 78 83 84
-0.16246 0.75946 0.62994 72 73 77 79 84 85
-0.31497 0.70991 0.62994 73 74 78 80 85 86
-0.4559 0.644 0.61434 74 75 79 81 86 87
-0.57707 0.56852 0.58633 54 55 75 80 87 88
0.16147 0.86395 0.47698 2 13 76 83 403 404
0.029644 0.86419 0.5023 76 77 82 84 403 405
-0.11456 0.84672 0.51957 77 78 83 85 405 407
-0.26287 0.80902 0.52573 78 79 84 86 407 410
-0.40501 0.75234 0.51957 79 80 85 87 410 414
-0.53194 0.68172 0.5023 80 81 86 88 414 419
-0.63845 0.60404 0.47698 3 54 81 87 419 425
-0.6753 -0.49063 0.55068 4 90 116 123 146 152
-0.60955 -0.44286 0.65751 89 91 110 116 141 146
-0.52542 -0.38174 0.7604 90 92 105 110 137 141
-0.42533 -0.30902 0.85065 91 93 101 105 134 137
-0.31525 -0.22904 0.92095 92 94 98 101 132 134
-0.20318 -0.14762 0.96795 93 95 96 98 130 132
-0.20543 0 0.97867 59 61 94 96 97 98
-0.096471 -0.070091 0.99286 0 61 94 95 130 131
-0.32287 0.078193 0.94321 58 59 95 98 99 100
-0.32287 -0.078193 0.94321 93 94 95 97 100 101
-0.44143 0.16036 0.88285 57 58 97 100 102 103
-0.44721 0 0.89443 97 98 99 101 103 104
-0.44143 -0.16036 0.88285 92 93 98 100 104 105
-0.55178 0.24054 0.79855 56 57 99 103 106 107
-0.56654 0.082324 0.81991 99 100 102 104 107 108
-0.56654 -0.082324 0.81991 100 101 103 105 108 109
-0.55178 -0.24054 0.79855 91 92 101 104 109 110
-0.64574 0.31277 0.69656 55 56 102 107 111 112
-0.67082 0.16246 0.72361 102 103 106 108 112 113
-0.67985 0 0.73335 103 104 107 109 113 114
-0.67082 -0.16246 0.72361 104 105 108 110 114 115
-0.64574 -0.31277 0.69656 90 91 105 109 115 116
-0.71902 0.37314 0.58633 54 55 106 112 117 118
-0.75337 0.23458 0.61434 106 107 111 113 118 119
-0.7725 0.080179 0.62994 107 108 112 114 119 120
-0.7725 -0.080179 0.62994 108 109 113 115 120 121
-0.75337 -0.23458 0.61434 109 110 114 116 121 122
-0.71902 -0.37314 0.58633 89 90 110 115 122 123
-0.77177 0.42054 0.47698 3 54 111 118 438 439
-0.81273 0.29524 0.5023 111 112 117 119 438 440
-0.84068 0.1527 0.51957 112 113 118 120 440 442
-0.85065 0 0.52573 113 114 119 121 442 445
-0.84068 -0.1527 0.51957 114 115 120 122 445 449
-0.81273 -0.29524 0.5023 115 116 121 123 449 454
-0.77177 -0.42054 0.47698 4 89 116 122 454 460
0.25794 -0.79386 0.55068 5 125 151 158 174 180
0.23283 -0.71657 0.65751 124 126 145 151 169 174
0.20069 -0.61767 0.7604 125 127 140 145 165 169
0.16246 -0.5 0.85065 126 128 136 140 162 165
0.12042 -0.3706 0.92095 127 129 133 136 160 162
0.077609 -0.23886 0.96795 128 130 131 133 159 160
-0.063482 -0.19538 0.97867 94 96 129 131 132 133
0.036849 -0.11341 0.99286 0 24 96 129 130 159
-0.17414 -0.28291 0.94321 93 94 130 133 134 135
-0.025407 -0.33123 0.94321 128 129 130 132 135 136
-0.28892 -0.37027 0.88285 92 93 132 135 137 138
-0.1382 -0.42533 0.89443 132 133 134 136 138 139
0.016101 -0.46937 0.88285 127 128 133 135 139 140
-0.39927 -0.45045 0.79855 91 92 134 138 141 142
-0.25337 -0.51338 0.81991 134 135 137 139 142 143
-0.096777 -0.56425 0.81991 135 136 138 140 143 144
0.058253 -0.59911 0.79855 126 127 136 139 144 145
-0.49701 -0.51749 0.69656 90 91 137 142 146 147
-0.3618 -0.58779 0.72361 137 138 141 143 147 148
-0.21009 -0.64658 0.73335 138 139 142 144 148 149
-0.052786 -0.68819 0.72361 139 140 143 145 149 150
0.097919 -0.71079 0.69656 125 126 140 144 150 151
-0.57707 -0.56852 0.58633 89 90 141 147 152 153
-0.4559 -0.644 0.61434 141 142 146 148 153 154
-0.31497 -0.70991 0.62994 142 143 147 149 154 155
-0.16246 -0.75946 0.62994 143 144 148 150 155 156
-0.0097044 -0.78898 0.61434 144 145 149 151 156 157
0.13269 -0.79913 0.58633 124 125 145 150 157 158
-0.63845 -0.60404 0.47698 4 89 146 153 473 474
-0.53194 -0.68172 0.5023 146 147 152 154 473 475
-0.40501 -0.75234 0.51957 147 148 153 155 475 477
-0.26287 -0.80902 0.52573 148 149 154 156 477 480
-0.11456 -0.84672 0.51957 149 150 155 157 480 484
0.029644 -0.86419 0.5023 150 151 156 158 484 489
0.16147 -0.86395 0.47698 5 124 151 157 489 495
0.1662 -0.12075 0.97867 22 24 129 131 160 161
0.21525 -0.25304 0.94321 128 129 159 161 162 163
0.30717 -0.12652 0.94321 20 22 159 160 163 164
0.26287 -0.3892 0.88285 127 128 160 163 165 166
0.3618 -0.26287 0.89443 160 161 162 164 166 167
0.45138 -0.12973 0.88285 18 20 161 163 167 168
0.30502 -0.51893 0.79855 126 127 162 166 169 170
0.40995 -0.39961 0.81991 162 163 165 167 170 171
0.50673 -0.2664 0.81991 163 164 166 168 171 172
0.58779 -0.12973 0.79855 16 18 164 167 172 173
0.33857 -0.6326 0.69656 125 126 165 170 174 175
0.44721 -0.52573 0.72361 165 166 169 171 175 176
0.55001 -0.39961 0.73335 166 167 170 172 176 177
0.6382 -0.26287 0.72361 167 168 171 173 177 178
0.70626 -0.12652 0.69656 14 16 168 172 178 179
0.36237 -0.7245 0.58633 124 125 169 175 180 181
0.4716 -0.6326 0.61434 169 170 174 176 181 182
0.57783 -0.51893 0.62994 170 171 175 177 182 183
0.67209 -0.3892 0.62994 171 172 176 178 183 184
0.74737 -0.25304 0.61434 172 173 177 179 184 185
0.80102 -0.12075 0.58633 12 14 173 178 185 186
0.37719 -0.79386 0.47698 5 124 174 181 508 509
0.48397 -0.71657 0.5023 174 175 180 182 508 510
0.59037 -0.61767 0.51957 175 176 181 183 510 512
0.68819 -0.5 0.52573 176 177 182 184 512 515
0.76987 -0.3706 0.51957 177 178 183 185 515 519
0.83105 -0.23886 0.5023 178 179 184 186 519 524
0.87157 -0.11341 0.47698 1 12 179 185 524 530
0.6753 0.49063 -0.55068 6 189 216 222 354 361
-0.25794 0.79386 -0.55068 7 190 221 228 251 257
0.60955 0.44286 -0.65751 187 191 211 216 348 354
-0.23283 0.71657 -0.65751 188 192 215 221 246 251
0.52542 0.38174 -0.7604 189 193 207 211 343 348
-0.20069 0.61767 -0.7604 190 194 210 215 242 246
0.42533 0.30902 -0.85065 191 195 204 207 339 343
-0.16246 0.5 -0.85065 192 196 206 210 239 242
0.31525 0.22904 -0.92095 193 197 202 204 336 339
-0.12042 0.3706 -0.92095 194 198 203 206 237 239
0.20318 0.14762 -0.96795 195 199 200 202 334 336
-0.077609 0.23886 -0.96795 196 200 201 203 235 237
0.096471 0.070091 -0.99286 11 197 200 201 306 334
0.063482 0.19538 -0.97867 197 198 199 201 202 203
-0.036849 0.11341 -0.99286 11 198 199 200 235 236
0.17414 0.28291 -0.94321 195 197 200 203 204 205
0.025407 0.33123 -0.94321 196 198 200 202 205 206
0.28892 0.37027 -0.88285 193 195 202 205 207 208
0.1382 0.42533 -0.89443 202 203 204 206 208 209
-0.016101 0.46937 -0.88285 194 196 203 205 209 210
0.39927 0.45045 -0.79855 191 193 204 208 211 212
0.25337 0.51338 -0.81991 204 205 207 209 212 213
0.096777 0.56425 -0.81991 205 206 208 210 213 214
-0.058253 0.59911 -0.79855 192 194 206 209 214 215
0.49701 0.51749 -0.69656 189 191 207 212 216 217
0.3618 0.58779 -0.72361 207 208 211 213 217 218
0.21009 0.64658 -0.73335 208 209 212 214 218 219
0.052786 0.68819 -0.72361 209 210 213 215 219 220
-0.097919 0.71079 -0.69656 190 192 210 214 220 221
0.57707 0.56852 -0.58633 187 189 211 217 222 223
0.4559 0.644 -0.61434 211 212 216 218 223 224
0.31497 0.70991 -0.62994 212 213 217 219 224 225
0.16246 0.75946 -0.62994 213 214 218 220 225 226
0.0097044 0.78898 -0.61434 214 215 219 221 226 227
-0.13269 0.79913 -0.58633 188 190 215 220 227 228
0.63845 0.60404 -0.47698 6 187 216 223 396 537
0.53194 0.68172 -0.5023 216 217 222 224 537 538
0.40501 0.75234 -0.51957 217 218 223 225 538 540
0.26287 0.80902 -0.52573 218 219 224 226 540 543
0.11456 0.84672 -0.51957 219 220 225 227 543 547
-0.029644 0.86419 -0.5023 220 221 226 228 547 552
-0.16147 0.86395 -0.47698 7 188 221 227 397 552
-0.83472 0 -0.55068 8 230 256 263 286 292
-0.75344 0 -0.65751 229 231 250 256 281 286
-0.64946 0 -0.7604 230 232 245 250 277 281
-0.52573 0 -0.85065 231 233 241 245 274 277
-0.38967 0 -0.92095 232 234 238 241 272 274
-0.25115 0 -0.96795 233 235 236 238 270 272
-0.1662 0.12075 -0.97867 198 201 234 236 237 238
-0.11925 0 -0.99286 11 201 234 235 270 271
-0.21525 0.25304 -0.94321 196 198 235 238 239 240
-0.30717 0.12652 -0.94321 233 234 235 237 240 241
-0.26287 0.3892 -0.88285 194 196 237 240 242 243
-0.3618 0.26287 -0.89443 237 238 239 241 243 244
-0.45138 0.12973 -0.88285 232 233 238 240 244 245
-0.30502 0.51893 -0.79855 192 194 239 243 246 247
-0.40995 0.39961 -0.81991 239 240 242 244 247 248
-0.50673 0.2664 -0.81991 240 241 243 245 248 249
-0.58779 0.12973 -0.79855 231 232 241 244 249 250
-0.33857 0.6326 -0.69656 190 192 242 247 251 252
-0.44721 0.52573 -0.72361 242 243 246 248 252 253
-0.55001 0.39961 -0.73335 243 244 247 249 253 254
-0.6382 0.26287 -0.72361 244 245 248 250 254 255
-0.70626 0.12652 -0.69656 230 231 245 249 255 256
-0.36237 0.7245 -0.58633 188 190 246 252 257 258
-0.4716 0.6326 -0.61434 246 247 251 253 258 259
-0.57783 0.51893 -0.62994 247 248 252 254 259 260
-0.67209 0.3892 -0.62994 248 249 253 255 260 261
-0.74737 0.25304 -0.61434 249 250 254 256 261 262
-0.80102 0.12075 -0.58633 229 230 250 255 262 263
-0.37719 0.79386 -0.47698 7 188 251 258 431 558
-0.48397 0.71657 -0.5023 251 252 257 259 558 559
-0.59037 0.61767 -0.51957 252 253 258 260 559 561
-0.68819 0.5 -0.52573 253 254 259 261 561 564
-0.76987 0.3706 -0.51957 254 255 260 262 564 568
-0.83105 0.23886 -0.5023 255 256 261 263 568 573
-0.87157 0.11341 -0.47698 8 229 256 262 432 573
-0.25794 -0.79386 -0.55068 9 265 291 298 321 327
-0.23283 -0.71657 -0.65751 264 266 285 291 316 321
-0.20069 -0.61767 -0.7604 265 267 280 285 312 316
-0.16246 -0.5 -0.85065 266 268 276 280 309 312
-0.12042 -0.3706 -0.92095 267 269 273 276 307 309
-0.077609 -0.23886 -0.96795 268 270 271 273 305 307
-0.1662 -0.12075 -0.97867 234 236 269 271 272 273
-0.036849 -0.11341 -0.99286 11 236 269 270 305 306
-0.30717 -0.12652 -0.94321 233 234 270 273 274 275
-0.21525 -0.25304 -0.94321 268 269 270 272 275 276
-0.45138 -0.12973 -0.88285 232 233 272 275 277 278
-0.3618 -0.26287 -0.89443 272 273 274 276 278 279
-0.26287 -0.3892 -0.88285 267 268 273 275 279 280
-0.58779 -0.12973 -0.79855 231 232 274 278 281 282
-0.50673 -0.2664 -0.81991 274 275 277 279 282 283
-0.40995 -0.39961 -0.81991 275 276 278 280 283 284
-0.30502 -0.51893 -0.79855 266 267 276 279 284 285
-0.70626 -0.12652 -0.69656 230 231 277 282 286 287
-0.6382 -0.26287 -0.72361 277 278 281 283 287 288
-0.55001 -0.39961 -0.73335 278 279 282 284 288 289
-0.44721 -0.52573 -0.72361 279 280 283 285 289 290
-0.33857 -0.6326 -0.69656 265 266 280 284 290 291
-0.80102 -0.12075 -0.58633 229 230 281 287 292 293
-0.74737 -0.25304 -0.61434 281 282 286 288 293 294
-0.67209 -0.3892 -0.62994 282 283 287 289 294 295
-0.57783 -0.51893 -0.62994 283 284 288 290 295 296
-0.4716 -0.6326 -0.61434 284 285 289 291 296 297
-0.36237 -0.7245 -0.58633 264 265 285 290 297 298
-0.87157 -0.11341 -0.47698 8 229 286 293 466 579
-0.83105 -0.23886 -0.5023 286 287 292 294 579 580
-0.76987 -0.3706 -0.51957 287 288 293 295 580 582
-0.68819 -0.5 -0.52573 288 289 294 296 582 585
-0.59037 -0.61767 -0.51957 289 290 295 297 585 589
-0.48397 -0.71657 -0.5023 290 291 296 298 589 594
-0.37719 -0.79386 -0.47698 9 264 291 297 467 594
0.6753 -0.49063 -0.55068 10 300 326 333 349 355
0.60955 -0.44286 -0.65751 299 301 320 326 344 349
0.52542 -0.38174 -0.7604 300 302 315 320 340 344
0.42533 -0.30902 -0.85065 301 303 311 315 337 340
0.31525 -0.22904 -0.92095 302 304 308 311 335 337
0.20318 -0.14762 -0.96795 303 305 306 308 334 335
0.063482 -0.19538 -0.97867 269 271 304 306 307 308
0.096471 -0.070091 -0.99286 11 199 271 304 305 334
0.025407 -0.33123 -0.94321 268 269 305 308 309 310
0.17414 -0.28291 -0.94321 303 304 305 307 310 311
-0.016101 -0.46937 -0.88285 267 268 307 310 312 313
0.1382 -0.42533 -0.89443 307 308 309 311 313 314
0.28892 -0.37027 -0.88285 302 303 308 310 314 315
-0.058253 -0.59911 -0.79855 266 267 309 313 316 317
0.096777 -0.56425 -0.81991 309 310 312 314 317 318
0.25337 -0.51338 -0.81991 310 311 313 315 318 319
0.39927 -0.45045 -0.79855 301 302 311 314 319 320
-0.097919 -0.71079 -0.69656 265 266 312 317 321 322
0.052786 -0.68819 -0.72361 312 313 316 318 322 323
0.21009 -0.64658 -0.73335 313 314 317 319 323 324
0.3618 -0.58779 -0.72361 314 315 318 320 324 325
0.49701 -0.51749 -0.69656 300 301 315 319 325 326
-0.13269 -0.79913 -0.58633 264 265 316 322 327 328
0.0097044 -0.78898 -0.61434 316 317 321 323 328 329
0.16246 -0.75946 -0.62994 317 318 322 324 329 330
0.31497 -0.70991 -0.62994 318 319 323 325 330 331
0.4559 -0.644 -0.61434 319 320 324 326 331 332
0.57707 -0.56852 -0.58633 299 300 320 325 332 333
-0.16147 -0.86395 -0.47698 9 264 321 328 501 600
-0.029644 -0.86419 -0.5023 321 322 327 329 600 601
0.11456 -0.84672 -0.51957 322 323 328 330 601 603
0.26287 -0.80902 -0.52573 323 324 329 331 603 606
0.40501 -0.75234 -0.51957 324 325 330 332 606 610
0.53194 -0.68172 -0.5023 325 326 331 333 610 615
0.63845 -0.60404 -0.47698 10 299 326 332 502 615
0.20543 0 -0.97867 197 199 304 306 335 336
0.32287 -0.078193 -0.94321 303 304 334 336 337 338
0.32287 0.078193 -0.94321 195 197 334 335 338 339
0.44143 -0.16036 -0.88285 302 303 335 338 340 341
0.44721 0 -0.89443 335 336 337 339 341 342
0.44143 0.16036 -0.88285 193 195 336 338 342 343
0.55178 -0.24054 -0.79855 301 302 337 341 344 345
0.56654 -0.082324 -0.81991 337 338 340 342 345 346
0.56654 0.082324 -0.81991 338 339 341 343 346 347
0.55178 0.24054 -0.79855 191 193 339 342 347 348
0.64574 -0.31277 -0.69656 300 301 340 345 349 350
0.67082 -0.16246 -0.72361 340 341 344 346 350 351
0.67985 0 -0.73335 341 342 345 347 351 352
0.67082 0.16246 -0.72361 342 343 346 348 352 353
0.64574 0.31277 -0.69656 189 191 343 347 353 354
0.71902 -0.37314 -0.58633 299 300 344 350 355 356
0.75337 -0.23458 -0.61434 344 345 349 351 356 357
0.7725 -0.080179 -0.62994 345 346 350 352 357 358
0.7725 0.080179 -0.62994 346 347 351 353 358 359
0.75337 0.23458 -0.61434 347 348 352 354 359 360
0.71902 0.37314 -0.58633 187 189 348 353 360 361
0.77177 -0.42054 -0.47698 10 299 349 356 536 621
0.81273 -0.29524 -0.5023 349 350 355 357 621 622
0.84068 -0.1527 -0.51957 350 351 356 358 622 624
0.85065 0 -0.52573 351 352 357 359 624 627
0.84068 0.1527 -0.51957 352 353 358 360 627 631
0.81273 0.29524 -0.5023 353 354 359 361 631 636
0.77177 0.42054 -0.47698 6 187 354 360 362 636
0.79455 0.49063 -0.35774 6 361 363 389 396 636
0.8607 0.44286 -0.25115 362 364 383 389 636 637
0.9151 0.38174 -0.12989 363 365 378 383 637 638
0.95106 0.30902 0 364 366 374 378 638 639
0.96471 0.22904 0.12989 365 367 371 374 639 640
0.95663 0.14762 0.25115 366 368 369 371 640 641
0.90374 0.19538 0.38089 47 48 367 369 370 371
0.93119 0.070091 0.35774 1 47 367 368 530 641
0.85499 0.33123 0.39909 48 49 368 371 372 373
0.92151 0.28291 0.26606 366 367 368 370 373 374
0.78245 0.46937 0.40922 49 50 370 373 375 376
0.8618 0.42533 0.27639 370 371 372 374 376 377
0.91885 0.37027 0.13641 365 366 371 373 377 378
0.68819 0.59911 0.40922 50 51 372 376 379 380
0.77663 0.56425 0.28011 372 373 375 377 380 381
0.84666 0.51338 0.14006 373 374 376 378 381 382
0.8928 0.45045 0 364 365 374 377 382 383
0.57923 0.71079 0.39909 51 52 375 380 384 385
0.67082 0.68819 0.27639 375 376 379 381 385 386
0.74988 0.64658 0.14006 376 377 380 382 386 387
0.80902 0.58779 0 377 378 381 383 387 388
0.84529 0.51749 -0.13303 363 364 378 382 388 389
0.46509 0.79913 0.38089 52 53 379 385 390 391
0.55382 0.78898 0.26606 379 380 384 386 391 392
0.63609 0.75946 0.13641 380 381 385 387 392 393
0.70429 0.70991 0 381 382 386 388 393 394
0.75337 0.644 -0.13303 382 383 387 389 394 395
0.7825 0.56852 -0.25393 362 363 383 388 395 396
0.35441 0.86395 0.35774 2 53 384 391 404 557
0.43601 0.86419 0.25115 384 385 390 392 551 557
0.51595 0.84672 0.12989 385 386 391 393 546 551
0.58779 0.80902 0 386 387 392 394 542 546
0.64584 0.75234 -0.12989 387 388 393 395 539 542
0.68716 0.68172 -0.25115 388 389 394 396 537 539
0.71215 0.60404 -0.35774 6 222 362 389 395 537
-0.22109 0.90727 -0.35774 7 228 398 424 431 552
-0.15522 0.95542 -0.25115 397 399 418 424 552 553
-0.080277 0.98827 -0.12989 398 400 413 418 553 554
0 1 0 399 401 409 413 554 555
0.080277 0.98827 0.12989 400 402 406 409 555 556
0.15522 0.95542 0.25115 401 403 404 406 556 557
0.093455 0.91988 0.38089 82 83 402 404 405 406
0.22109 0.90727 0.35774 2 82 390 402 403 557
-0.050813 0.9155 0.39909 83 84 403 406 407 408
0.015702 0.96383 0.26606 401 402 403 405 408 409
-0.20461 0.8892 0.40922 84 85 405 408 410 411
-0.1382 0.95106 0.27639 405 406 407 409 411 412
-0.068204 0.9883 0.13641 400 401 406 408 412 413
-0.35712 0.83964 0.40922 85 86 407 411 414 415
-0.29665 0.91298 0.28011 407 408 410 412 415 416
-0.22662 0.96386 0.14006 408 409 411 413 416 417
-0.15251 0.9883 0 399 400 409 412 417 418
-0.49701 0.77052 0.39909 86 87 410 415 419 420
-0.44721 0.85065 0.27639 410 411 414 416 420 421
-0.38321 0.91298 0.14006 411 412 415 417 421 422
-0.30902 0.95106 0 412 413 416 418 422 423
-0.23095 0.96383 -0.13303 398 399 413 417 423 424
-0.6163 0.68927 0.38089 87 88 414 420 425 426
-0.57923 0.77052 0.26606 414 415 419 421 426 427
-0.52573 0.83964 0.13641 415 416 420 422 427 428
-0.45753 0.8892 0 416 417 421 423 428 429
-0.37968 0.9155 -0.13303 417 418 422 424 429 430
-0.29889 0.91988 -0.25393 397 398 418 423 430 431
-0.71215 0.60404 0.35774 3 88 419 426 439 578
-0.68716 0.68172 0.25115 419 420 425 427 572 578
-0.64584 0.75234 0.12989 420 421 426 428 567 572
-0.58779 0.80902 0 421 422 427 429 563 567
-0.51595 0.84672 -0.12989 422 423 428 430 560 563
-0.43601 0.86419 -0.25115 423 424 429 431 558 560
-0.35441 0.86395 -0.35774 7 257 397 424 430 558
-0.93119 0.070091 -0.35774 8 263 433 459 466 573
-0.95663 0.14762 -0.25115 432 434 453 459 573 574
-0.96471 0.22904 -0.12989 433 435 448 453 574 575
-0.95106 0.30902 0 434 436 444 448 575 576
-0.9151 0.38174 0.12989 435 437 441 444 576 577
-0.8607 0.44286 0.25115 436 438 439 441 577 578
-0.84598 0.37314 0.38089 117 118 437 439 440 441
-0.79455 0.49063 0.35774 3 117 425 437 438 578
-0.8864 0.23458 0.39909 118 119 438 441 442 443
-0.9118 0.31277 0.26606 436 437 438 440 443 444
-0.9089 0.080179 0.40922 119 120 440 443 445 446
-0.94721 0.16246 0.27639 440 441 442 444 446 447
-0.96101 0.24054 0.13641 435 436 441 443 447 448
-0.9089 -0.080179 0.40922 120 121 442 446 449 450
-0.95997 0 0.28011 442 443 445 447 450 451
-0.98672 0.082324 0.14006 443 444 446 448 451 452
-0.98706 0.16036 0 434 435 444 447 452 453
-0.8864 -0.23458 0.39909 121 122 445 450 454 455
-0.94721 -0.16246 0.27639 445 446 449 451 455 456
-0.98672 -0.082324 0.14006 446 447 450 452 456 457
-1 0 0 447 448 451 453 457 458
-0.98802 0.078193 -0.13303 433 434 448 452 458 459
-0.84598 -0.37314 0.38089 122 123 449 455 460 461
-0.9118 -0.31277 0.26606 449 450 454 456 461 462
-0.96101 -0.24054 0.13641 450 451 455 457 462 463
-0.98706 -0.16036 0 451 452 456 458 463 464
-0.98802 -0.078193 -0.13303 452 453 457 459 464 465
-0.96722 0 -0.25393 432 433 453 458 465 466
-0.79455 -0.49063 0.35774 4 123 454 461 474 599
-0.8607 -0.44286 0.25115 454 455 460 462 593 599
-0.9151 -0.38174 0.12989 455 456 461 463 588 593
-0.95106 -0.30902 0 456 457 462 464 584 588
-0.96471 -0.22904 -0.12989 457 458 463 465 581 584
-0.95663 -0.14762 -0.25115 458 459 464 466 579 581
-0.93119 -0.070091 -0.35774 8 292 432 459 465 579
-0.35441 -0.86395 -0.35774 9 298 468 494 501 594
-0.43601 -0.86419 -0.25115 467 469 488 494 594 595
-0.51595 -0.84672 -0.12989 468 470 483 488 595 596
-0.58779 -0.80902 0 469 471 479 483 596 597
-0.64584 -0.75234 0.12989 470 472 476 479 597 598
-0.68716 -0.68172 0.25115 471 473 474 476 598 599
-0.6163 -0.68927 0.38089 152 153 472 474 475 476
-0.71215 -0.60404 0.35774 4 152 460 472 473 599
-0.49701 -0.77052 0.39909 153 154 473 476 477 478
-0.57923 -0.77052 0.26606 471 472 473 475 478 479
-0.35712 -0.83964 0.40922 154 155 475 478 480 481
-0.44721 -0.85065 0.27639 475 476 477 479 481 482
-0.52573 -0.83964 0.13641 470 471 476 478 482 483
-0.20461 -0.8892 0.40922 155 156 477 481 484 485
-0.29665 -0.91298 0.28011 477 478 480 482 485 486
-0.38321 -0.91298 0.14006 478 479 481 483 486 487
-0.45753 -0.8892 0 469 470 479 482 487 488
-0.050813 -0.9155 0.39909 156 157 480 485 489 490
-0.1382 -0.95106 0.27639 480 481 484 486 490 491
-0.22662 -0.96386 0.14006 481 482 485 487 491 492
-0.30902 -0.95106 0 482 483 486 488 492 493
-0.37968 -0.9155 -0.13303 468 469 483 487 493 494
0.093455 -0.91988 0.38089 157 158 484 490 495 496
0.015702 -0.96383 0.26606 484 485 489 491 496 497
-0.068204 -0.9883 0.13641 485 486 490 492 497 498
-0.15251 -0.9883 0 486 487 491 493 498 499
-0.23095 -0.96383 -0.13303 487 488 492 494 499 500
-0.29889 -0.91988 -0.25393 467 468 488 493 500 501
0.22109 -0.90727 0.35774 5 158 489 496 509 620
0.15522 -0.95542 0.25115 489 490 495 497 614 620
0.080277 -0.98827 0.12989 490 491 496 498 609 614
0 -1 0 491 492 497 499 605 609
-0.080277 -0.98827 -0.12989 492 493 498 500 602 605
-0.15522 -0.95542 -0.25115 493 494 499 501 600 602
-0.22109 -0.90727 -0.35774 9 327 467 494 500 600
0.71215 -0.60404 -0.35774 10 333 503 529 536 615
0.68716 -0.68172 -0.25115 502 504 523 529 615 616
0.64584 -0.75234 -0.12989 503 505 518 523 616 617
0.58779 -0.80902 0 504 506 514 518 617 618
0.51595 -0.84672 0.12989 505 507 511 514 618 619
0.43601 -0.86419 0.25115 506 508 509 511 619 620
0.46509 -0.79913 0.38089 180 181 507 509 510 511
0.35441 -0.86395 0.35774 5 180 495 507 508 620
0.57923 -0.71079 0.39909 181 182 508 511 512 513
0.55382 -0.78898 0.26606 506 507 508 510 513 514
0.68819 -0.59911 0.40922 182 183 510 513 515 516
0.67082 -0.68819 0.27639 510 511 512 514 516 517
0.63609 -0.75946 0.13641 505 506 511 513 517 518
0.78245 -0.46937 0.40922 183 184 512 516 519 520
0.77663 -0.56425 0.28011 512 513 515 517 520 521
0.74988 -0.64658 0.14006 513 514 516 518 521 522
0.70429 -0.70991 0 504 505 514 517 522 523
0.85499 -0.33123 0.39909 184 185 515 520 524 525
0.8618 -0.42533 0.27639 515 516 519 521 525 526
0.84666 -0.51338 0.14006 516 517 520 522 526 527
0.80902 -0.58779 0 517 518 521 523 527 528
0.75337 -0.644 -0.13303 503 504 518 522 528 529
0.90374 -0.19538 0.38089 185 186 519 525 530 531
0.92151 -0.28291 0.26606 519 520 524 526 531 532
0.91885 -0.37027 0.13641 520 521 525 527 532 533
0.8928 -0.45045 0 521 522 526 528 533 534
0.84529 -0.51749 -0.13303 522 523 527 529 534 535
0.7825 -0.56852 -0.25393 502 503 523 528 535 536
0.93119 -0.070091 0.35774 1 186 369 524 531 641
0.95663 -0.14762 0.25115 524 525 530 532 635 641
0.96471 -0.22904 0.12989 525 526 531 533 630 635
0.95106 -0.30902 0 526 527 532 534 626 630
0.9151 -0.38174 -0.12989 527 528 533 535 623 626
0.8607 -0.44286 -0.25115 528 529 534 536 621 623
0.79455 -0.49063 -0.35774 10 355 502 529 535 621
0.6163 0.68927 -0.38089 222 223 395 396 538 539
0.49701 0.77052 -0.39909 223 224 537 539 540 541
0.57923 0.77052 -0.26606 394 395 537 538 541 542
0.35712 0.83964 -0.40922 224 225 538 541 543 544
0.44721 0.85065 -0.27639 538 539 540 542 544 545
0.52573 0.83964 -0.13641 393 394 539 541 545 546
0.20461 0.8892 -0.40922 225 226 540 544 547 548
0.29665 0.91298 -0.28011 540 541 543 545 548 549
0.38321 0.91298 -0.14006 541 542 544 546 549 550
0.45753 0.8892 0 392 393 542 545 550 551
0.050813 0.9155 -0.39909 226 227 543 548 552 553
0.1382 0.95106 -0.27639 543 544 547 549 553 554
0.22662 0.96386 -0.14006 544 545 548 550 554 555
0.30902 0.95106 0 545 546 549 551 555 556
0.37968 0.9155 0.13303 391 392 546 550 556 557
-0.093455 0.91988 -0.38089 227 228 397 398 547 553
-0.015702 0.96383 -0.26606 398 399 547 548 552 554
0.068204 0.9883 -0.13641 399 400 548 549 553 555
0.15251 0.9883 0 400 401 549 550 554 556
0.23095 0.96383 0.13303 401 402 550 551 555 557
0.29889 0.91988 0.25393 390 391 402 404 551 556
-0.46509 0.79913 -0.38089 257 258 430 431 559 560
-0.57923 0.71079 -0.39909 258 259 558 560 561 562
-0.55382 0.78898 -0.26606 429 430 558 559 562 563
-0.68819 0.59911 -0.40922 259 260 559 562 564 565
-0.67082 0.68819 -0.27639 559 560 561 563 565 566
-0.63609 0.75946 -0.13641 428 429 560 562 566 567
-0.78245 0.46937 -0.40922 260 261 561 565 568 569
-0.77663 0.56425 -0.28011 561 562 564 566 569 570
-0.74988 0.64658 -0.14006 562 563 565 567 570 571
-0.70429 0.70991 0 427 428 563 566 571 572
-0.85499 0.33123 -0.39909 261 262 564 569 573 574
-0.8618 0.42533 -0.27639 564 565 568 570 574 575
-0.84666 0.51338 -0.14006 565 566 569 571 575 576
-0.80902 0.58779 0 566 567 570 572 576 577
-0.75337 0.644 0.13303 426 427 567 571 577 578
-0.90374 0.19538 -0.38089 262 263 432 433 568 574
-0.92151 0.28291 -0.26606 433 434 568 569 573 575
-0.91885 0.37027 -0.13641 434 435 569 570 574 576
-0.8928 0.45045 0 435 436 570 571 575 577
-0.84529 0.51749 0.13303 436 437 571 572 576 578
-0.7825 0.56852 0.25393 425 426 437 439 572 577
-0.90374 -0.19538 -0.38089 292 293 465 466 580 581
-0.85499 -0.33123 -0.39909 293 294 579 581 582 583
-0.92151 -0.28291 -0.26606 464 465 579 580 583 584
-0.78245 -0.46937 -0.40922 294 295 580 583 585 586
-0.8618 -0.42533 -0.27639 580 581 582 584 586 587
-0.91885 -0.37027 -0.13641 463 464 581 583 587 588
-0.68819 -0.59911 -0.40922 295 296 582 586 589 590
-0.77663 -0.56425 -0.28011 582 583 585 587 590 591
-0.84666 -0.51338 -0.14006 583 584 586 588 591 592
-0.8928 -0.45045 0 462 463 584 587 592 593
-0.57923 -0.71079 -0.39909 296 297 585 590 594 595
-0.67082 -0.68819 -0.27639 585 586 589 591 595 596
-0.74988 -0.64658 -0.14006 586 587 590 592 596 597
-0.80902 -0.58779 0 587 588 591 593 597 598
-0.84529 -0.51749 0.13303 461 462 588 592 598 599
-0.46509 -0.79913 -0.38089 297 298 467 468 589 595
-0.55382 -0.78898 -0.26606 468 469 589 590 594 596
-0.63609 -0.75946 -0.13641 469 470 590 591 595 597
-0.70429 -0.70991 0 470 471 591 592 596 598
-0.75337 -0.644 0.13303 471 472 592 593 597 599
-0.7825 -0.56852 0.25393 460 461 472 474 593 598
-0.093455 -0.91988 -0.38089 327 328 500 501 601 602
0.050813 -0.9155 -0.39909 328 329 600 602 603 604
-0.015702 -0.96383 -0.26606 499 500 600 601 604 605
0.20461 -0.8892 -0.40922 329 330 601 604 606 607
0.1382 -0.95106 -0.27639 601 602 603 605 607 608
0.068204 -0.9883 -0.13641 498 499 602 604 608 609
0.35712 -0.83964 -0.40922 330 331 603 607 610 611
0.29665 -0.91298 -0.28011 603 604 606 608 611 612
0.22662 -0.96386 -0.14006 604 605 607 609 612 613
0.15251 -0.9883 0 497 498 605 608 613 614
0.49701 -0.77052 -0.39909 331 332 606 611 615 616
0.44721 -0.85065 -0.27639 606 607 610 612 616 617
0.38321 -0.91298 -0.14006 607 608 611 613 617 618
0.30902 -0.95106 0 608 609 612 614 618 619
0.23095 -0.96383 0.13303 496 497 609 613 619 620
0.6163 -0.68927 -0.38089 332 333 502 503 610 616
0.57923 -0.77052 -0.26606 503 504 610 611 615 617
0.52573 -0.83964 -0.13641 504 505 611 612 616 618
0.45753 -0.8892 0 505 506 612 613 617 619
0.37968 -0.9155 0.13303 506 507 613 614 618 620
0.29889 -0.91988 0.25393 495 496 507 509 614 619
0.84598 -0.37314 -0.38089 355 356 535 536 622 623
0.8864 -0.23458 -0.39909 356 357 621 623 624 625
0.9118 -0.31277 -0.26606 534 535 621 622 625 626
0.9089 -0.080179 -0.40922 357 358 622 625 627 628
0.94721 -0.16246 -0.27639 622 623 624 626 628 629
0.96101 -0.24054 -0.13641 533 534 623 625 629 630
0.9089 0.080179 -0.40922 358 359 624 628 631 632
0.95997 0 -0.28011 624 625 627 629 632 633
0.98672 -0.082324 -0.14006 625 626 628 630 633 634
0.98706 -0.16036 0 532 533 626 629 634 635
0.8864 0.23458 -0.39909 359 360 627 632 636 637
0.94721 0.16246 -0.27639 627 628 631 633 637 638
0.98672 0.082324 -0.14006 628 629 632 634 638 639
1 0 0 629 630 633 635 639 640
0.98802 -0.078193 0.13303 531 532 630 634 640 641
0.84598 0.37314 -0.38089 360 361 362 363 631 637
0.9118 0.31277 -0.26606 363 364 631 632 636 638
0.96101 0.24054 -0.13641 364 365 632 633 637 639
0.98706 0.16036 0 365 366 633 634 638 640
0.98802 0.078193 0.13303 366 367 634 635 639 641
0.96722 0 0.25393 367 369 530 531 635 640
