0 0 1
0.89443 0 0.44721
0.27639 0.85065 0.44721
-0.72361 0.52573 0.44721
-0.72361 -0.52573 0.44721
0.27639 -0.85065 0.44721
0.72361 0.52573 -0.44721
-0.27639 0.85065 -0.44721
-0.89443 1.0954e-16 -0.44721
-0.27639 -0.85065 -0.44721
0.72361 -0.52573 -0.44721
0 0 -1
0.71554 0 0.55777
0.22111 0.68052 0.55777
0.53666 0 0.66833
0.16584 0.51039 0.66833
0.35777 0 0.77889
0.11056 0.34026 0.77889
0.17889 0 0.88944
0.23416 0.17013 0.77889
0.055279 0.17013 0.88944
0.41305 0.17013 0.66833
0.28944 0.34026 0.66833
0.59193 0.17013 0.55777
0.46833 0.34026 0.55777
0.34472 0.51039 0.55777
0.77082 0.17013 0.44721
0.64721 0.34026 0.44721
0.52361 0.51039 0.44721
0.4 0.68052 0.44721
-0.57889 0.42058 0.55777
-0.43416 0.31544 0.66833
-0.28944 0.21029 0.77889
-0.089443 0.27528 0.77889
-0.14472 0.10515 0.88944
-0.034164 0.44541 0.66833
-0.23416 0.38042 0.66833
0.021115 0.61554 0.55777
-0.17889 0.55055 0.55777
-0.37889 0.48557 0.55777
0.076393 0.78567 0.44721
-0.12361 0.72068 0.44721
-0.32361 0.6557 0.44721
-0.52361 0.59072 0.44721
-0.57889 -0.42058 0.55777
-0.43416 -0.31544 0.66833
-0.28944 -0.21029 0.77889
-0.28944 4.1633e-17 0.77889
-0.14472 -0.10515 0.88944
-0.43416 0.10515 0.66833
-0.43416 -0.10515 0.66833
-0.57889 0.21029 0.55777
-0.57889 5.5511e-17 0.55777
-0.57889 -0.21029 0.55777
-0.72361 0.31544 0.44721
-0.72361 0.10515 0.44721
-0.72361 -0.10515 0.44721
-0.72361 -0.31544 0.44721
0.22111 -0.68052 0.55777
0.16584 -0.51039 0.66833
0.11056 -0.34026 0.77889
-0.089443 -0.27528 0.77889
0.055279 -0.17013 0.88944
-0.23416 -0.38042 0.66833
-0.034164 -0.44541 0.66833
-0.37889 -0.48557 0.55777
-0.17889 -0.55055 0.55777
0.021115 -0.61554 0.55777
-0.52361 -0.59072 0.44721
-0.32361 -0.6557 0.44721
-0.12361 -0.72068 0.44721
0.076393 -0.78567 0.44721
0.23416 -0.17013 0.77889
0.28944 -0.34026 0.66833
0.41305 -0.17013 0.66833
0.34472 -0.51039 0.55777
0.46833 -0.34026 0.55777
0.59193 -0.17013 0.55777
0.4 -0.68052 0.44721
0.52361 -0.51039 0.44721
0.64721 -0.34026 0.44721
0.77082 -0.17013 0.44721
0.57889 0.42058 -0.55777
-0.22111 0.68052 -0.55777
0.43416 0.31544 -0.66833
-0.16584 0.51039 -0.66833
0.28944 0.21029 -0.77889
-0.11056 0.34026 -0.77889
0.14472 0.10515 -0.88944
0.089443 0.27528 -0.77889
-0.055279 0.17013 -0.88944
0.23416 0.38042 -0.66833
0.034164 0.44541 -0.66833
0.37889 0.48557 -0.55777
0.17889 0.55055 -0.55777
-0.021115 0.61554 -0.55777
0.52361 0.59072 -0.44721
0.32361 0.6557 -0.44721
0.12361 0.72068 -0.44721
-0.076393 0.78567 -0.44721
-0.71554 8.7629e-17 -0.55777
-0.53666 6.5721e-17 -0.66833
-0.35777 4.3814e-17 -0.77889
-0.23416 0.17013 -0.77889
-0.17889 2.1907e-17 -0.88944
-0.28944 0.34026 -0.66833
-0.41305 0.17013 -0.66833
-0.34472 0.51039 -0.55777
-0.46833 0.34026 -0.55777
-0.59193 0.17013 -0.55777
-0.4 0.68052 -0.44721
-0.52361 0.51039 -0.44721
-0.64721 0.34026 -0.44721
-0.77082 0.17013 -0.44721
-0.22111 -0.68052 -0.55777
-0.16584 -0.51039 -0.66833
-0.11056 -0.34026 -0.77889
-0.23416 -0.17013 -0.77889
-0.055279 -0.17013 -0.88944
-0.41305 -0.17013 -0.66833
-0.28944 -0.34026 -0.66833
-0.59193 -0.17013 -0.55777
-0.46833 -0.34026 -0.55777
-0.34472 -0.51039 -0.55777
-0.77082 -0.17013 -0.44721
-0.64721 -0.34026 -0.44721
-0.52361 -0.51039 -0.44721
-0.4 -0.68052 -0.44721
0.57889 -0.42058 -0.55777
0.43416 -0.31544 -0.66833
0.28944 -0.21029 -0.77889
0.089443 -0.27528 -0.77889
0.14472 -0.10515 -0.88944
0.034164 -0.44541 -0.66833
0.23416 -0.38042 -0.66833
-0.021115 -0.61554 -0.55777
0.17889 -0.55055 -0.55777
0.37889 -0.48557 -0.55777
-0.076393 -0.78567 -0.44721
0.12361 -0.72068 -0.44721
0.32361 -0.6557 -0.44721
0.52361 -0.59072 -0.44721
0.28944 -1.3878e-17 -0.77889
0.43416 -0.10515 -0.66833
0.43416 0.10515 -0.66833
0.57889 -0.21029 -0.55777
0.57889 -5.5511e-17 -0.55777
0.57889 0.21029 -0.55777
0.72361 -0.31544 -0.44721
0.72361 -0.10515 -0.44721
0.72361 0.10515 -0.44721
0.72361 0.31544 -0.44721
0.75777 0.42058 -0.26833
0.79193 0.31544 -0.089443
0.8261 0.21029 0.089443
0.73666 0.27528 0.26833
0.86026 0.10515 0.26833
0.61305 0.44541 0.26833
0.70249 0.38042 0.089443
0.48944 0.61554 0.26833
0.57889 0.55055 0.089443
0.66833 0.48557 -0.089443
0.36584 0.78567 0.26833
0.45528 0.72068 0.089443
0.54472 0.6557 -0.089443
0.63416 0.59072 -0.26833
-0.16584 0.85065 -0.26833
-0.055279 0.85065 -0.089443
0.055279 0.85065 0.089443
-0.034164 0.78567 0.26833
0.16584 0.85065 0.26833
-0.23416 0.72068 0.26833
-0.14472 0.78567 0.089443
-0.43416 0.6557 0.26833
-0.34472 0.72068 0.089443
-0.25528 0.78567 -0.089443
-0.63416 0.59072 0.26833
-0.54472 0.6557 0.089443
-0.45528 0.72068 -0.089443
-0.36584 0.78567 -0.26833
-0.86026 0.10515 -0.26833
-0.8261 0.21029 -0.089443
-0.79193 0.31544 0.089443
-0.75777 0.21029 0.26833
-0.75777 0.42058 0.26833
-0.75777 9.7145e-17 0.26833
-0.79193 0.10515 0.089443
-0.75777 -0.21029 0.26833
-0.79193 -0.10515 0.089443
-0.8261 1.3878e-16 -0.089443
-0.75777 -0.42058 0.26833
-0.79193 -0.31544 0.089443
-0.8261 -0.21029 -0.089443
-0.86026 -0.10515 -0.26833
-0.36584 -0.78567 -0.26833
-0.45528 -0.72068 -0.089443
-0.54472 -0.6557 0.089443
-0.43416 -0.6557 0.26833
-0.63416 -0.59072 0.26833
-0.23416 -0.72068 0.26833
-0.34472 -0.72068 0.089443
-0.034164 -0.78567 0.26833
-0.14472 -0.78567 0.089443
-0.25528 -0.78567 -0.089443
0.16584 -0.85065 0.26833
0.055279 -0.85065 0.089443
-0.055279 -0.85065 -0.089443
-0.16584 -0.85065 -0.26833
0.63416 -0.59072 -0.26833
0.54472 -0.6557 -0.089443
0.45528 -0.72068 0.089443
0.48944 -0.61554 0.26833
0.36584 -0.78567 0.26833
0.61305 -0.44541 0.26833
0.57889 -0.55055 0.089443
0.73666 -0.27528 0.26833
0.70249 -0.38042 0.089443
0.66833 -0.48557 -0.089443
0.86026 -0.10515 0.26833
0.8261 -0.21029 0.089443
0.79193 -0.31544 -0.089443
0.75777 -0.42058 -0.26833
0.43416 0.6557 -0.26833
0.23416 0.72068 -0.26833
0.34472 0.72068 -0.089443
0.034164 0.78567 -0.26833
0.14472 0.78567 -0.089443
0.25528 0.78567 0.089443
-0.48944 0.61554 -0.26833
-0.61305 0.44541 -0.26833
-0.57889 0.55055 -0.089443
-0.73666 0.27528 -0.26833
-0.70249 0.38042 -0.089443
-0.66833 0.48557 0.089443
-0.73666 -0.27528 -0.26833
-0.61305 -0.44541 -0.26833
-0.70249 -0.38042 -0.089443
-0.48944 -0.61554 -0.26833
-0.57889 -0.55055 -0.089443
-0.66833 -0.48557 0.089443
0.034164 -0.78567 -0.26833
0.23416 -0.72068 -0.26833
0.14472 -0.78567 -0.089443
0.43416 -0.6557 -0.26833
0.34472 -0.72068 -0.089443
0.25528 -0.78567 0.089443
0.75777 -0.21029 -0.26833
0.75777 -9.7145e-17 -0.26833
0.79193 -0.10515 -0.089443
0.75777 0.21029 -0.26833
0.79193 0.10515 -0.089443
0.8261 -2.7756e-17 0.089443
